
Classification Report:

              precision    recall  f1-score   support

           0       1.00      0.99      0.99       262
           1       0.69      0.80      0.74       279
           2       1.00      0.99      1.00       250
           3       1.00      1.00      1.00       274
           4       1.00      0.99      0.99       263
           5       1.00      1.00      1.00       274
           6       0.99      0.97      0.98       231
           7       0.92      0.79      0.85       259
           8       1.00      1.00      1.00       260
           9       0.97      0.97      0.97       259
          10       0.98      0.96      0.97       261
          11       1.00      0.99      1.00       240
          12       1.00      1.00      1.00       235
          13       1.00      1.00      1.00       246
          14       0.99      0.95      0.97       255
          15       1.00      1.00      1.00       260
          16       0.99      0.97      0.98       238
          17       0.99      0.99      0.99       248
          18       1.00      1.00      1.00       269
          19       1.00      1.00      1.00       258
          20       1.00      1.00      1.00       250
          21       0.77      0.87      0.82       227
          22       1.00      1.00      1.00       257
          23       1.00      1.00      1.00       273
          24       0.99      0.99      0.99       269
          25       0.99      1.00      1.00       256
          26       1.00      1.00      1.00       259
          27       1.00      0.99      0.99       282
          28       1.00      1.00      1.00       267
          29       1.00      1.00      1.00       246
          30       1.00      1.00      1.00       266

    accuracy                           0.97      7973
   macro avg       0.98      0.97      0.97      7973
weighted avg       0.98      0.97      0.97      7973

Confusion Matrix:

[[259   2   0   0   0   0   0   0   0   0   0   0   0   0   0   0   0   0
    0   0   0   1   0   0   0   0   0   0   0   0   0]
 [  0 224   0   0   0   0   0  11   0   7   2   0   0   0   0   0   1   1
    0   0   0  31   0   0   2   0   0   0   0   0   0]
 [  0   1 248   0   0   0   0   0   0   0   0   0   0   0   0   0   0   0
    0   0   0   1   0   0   0   0   0   0   0   0   0]
 [  0   0   0 274   0   0   0   0   0   0   0   0   0   0   0   0   0   0
    0   0   0   0   0   0   0   0   0   0   0   0   0]
 [  0   3   0   0 260   0   0   0   0   0   0   0   0   0   0   0   0   0
    0   0   0   0   0   0   0   0   0   0   0   0   0]
 [  0   1   0   0   0 273   0   0   0   0   0   0   0   0   0   0   0   0
    0   0   0   0   0   0   0   0   0   0   0   0   0]
 [  0   7   0   0   0   0 223   0   0   0   0   0   0   0   0   0   0   0
    0   0   0   0   0   0   1   0   0   0   0   0   0]
 [  0  30   0   0   0   0   3 205   0   0   2   0   0   0   2   0   0   0
    0   0   0  16   0   0   0   1   0   0   0   0   0]
 [  0   0   0   0   0   0   0   0 260   0   0   0   0   0   0   0   0   0
    0   0   0   0   0   0   0   0   0   0   0   0   0]
 [  0   6   0   0   0   0   0   0   0 251   0   0   0   0   0   0   0   1
    0   0   0   0   0   0   0   0   0   0   0   0   1]
 [  0   7   0   0   0   0   0   1   0   0 250   0   0   0   0   0   0   0
    0   0   0   3   0   0   0   0   0   0   0   0   0]
 [  0   0   0   0   0   0   0   0   0   0   0 238   0   0   0   0   0   0
    0   0   0   2   0   0   0   0   0   0   0   0   0]
 [  0   0   0   0   0   0   0   0   0   0   0   0 235   0   0   0   0   0
    0   0   0   0   0   0   0   0   0   0   0   0   0]
 [  0   0   0   0   0   0   0   0   0   0   0   0   0 246   0   0   0   0
    0   0   0   0   0   0   0   0   0   0   0   0   0]
 [  0   8   0   0   0   0   0   2   0   1   0   0   0   0 242   0   0   0
    0   0   0   2   0   0   0   0   0   0   0   0   0]
 [  0   0   0   0   0   0   0   0   0   0   0   0   0   0   0 260   0   0
    0   0   0   0   0   0   0   0   0   0   0   0   0]
 [  0   5   0   0   0   0   0   0   0   0   0   0   0   0   0   0 231   0
    0   0   0   2   0   0   0   0   0   0   0   0   0]
 [  0   1   0   0   0   0   0   0   0   0   0   0   0   0   0   0   0 246
    0   0   0   1   0   0   0   0   0   0   0   0   0]
 [  0   1   0   0   0   0   0   0   0   0   0   0   0   0   0   0   0   0
  268   0   0   0   0   0   0   0   0   0   0   0   0]
 [  0   1   0   0   0   0   0   0   0   0   0   0   0   0   0   0   0   0
    0 257   0   0   0   0   0   0   0   0   0   0   0]
 [  0   0   0   0   0   0   0   0   0   0   0   0   0   0   0   0   0   0
    0   0 250   0   0   0   0   0   0   0   0   0   0]
 [  0  24   0   0   0   0   0   1   0   0   0   0   0   0   1   0   1   0
    0   0   0 198   0   0   0   1   0   1   0   0   0]
 [  0   0   0   1   0   0   0   0   0   0   0   0   0   0   0   0   0   0
    0   0   0   0 256   0   0   0   0   0   0   0   0]
 [  0   1   0   0   0   0   0   0   0   0   0   0   0   0   0   0   0   0
    0   0   0   0   0 272   0   0   0   0   0   0   0]
 [  0   2   0   0   0   0   0   0   0   0   0   0   0   0   0   0   0   0
    0   0   0   0   0   0 267   0   0   0   0   0   0]
 [  0   0   0   0   0   0   0   0   0   0   0   0   0   0   0   0   0   0
    0   0   0   0   0   0   0 256   0   0   0   0   0]
 [  0   0   0   0   0   0   0   0   0   0   0   0   0   0   0   0   0   0
    0   0   0   0   0   0   0   0 259   0   0   0   0]
 [  0   0   0   0   0   0   0   2   0   0   0   0   0   0   0   0   0   0
    0   0   0   0   0   0   0   0   0 280   0   0   0]
 [  0   0   0   0   0   0   0   0   0   0   0   0   0   0   0   0   0   1
    0   0   0   0   0   0   0   0   0   0 266   0   0]
 [  0   0   0   0   0   0   0   0   0   0   0   0   0   0   0   0   0   0
    0   0   0   0   0   0   0   0   0   0   0 246   0]
 [  0   0   0   0   0   0   0   0   0   0   0   0   0   0   0   0   0   0
    0   0   0   1   0   0   0   0   0   0   0   0 265]]
AUC for each class:

Class 0, AUC = 1.00
Class 1, AUC = 0.99
Class 2, AUC = 1.00
Class 3, AUC = 1.00
Class 4, AUC = 1.00
Class 5, AUC = 1.00
Class 6, AUC = 1.00
Class 7, AUC = 1.00
Class 8, AUC = 1.00
Class 9, AUC = 1.00
Class 10, AUC = 1.00
Class 11, AUC = 1.00
Class 12, AUC = 1.00
Class 13, AUC = 1.00
Class 14, AUC = 1.00
Class 15, AUC = 1.00
Class 16, AUC = 1.00
Class 17, AUC = 1.00
Class 18, AUC = 1.00
Class 19, AUC = 1.00
Class 20, AUC = 1.00
Class 21, AUC = 1.00
Class 22, AUC = 1.00
Class 23, AUC = 1.00
Class 24, AUC = 1.00
Class 25, AUC = 1.00
Class 26, AUC = 1.00
Class 27, AUC = 1.00
Class 28, AUC = 1.00
Class 29, AUC = 1.00
Class 30, AUC = 1.00
